0	   1.407602e-06	   1.400848e-06	   1.398101e-07
1	   1.407602e-06	   1.400848e-06	   1.393027e-07
2	   1.407602e-06	   1.400848e-06	   1.389716e-07
3	   1.407602e-06	   1.400848e-06	   1.388180e-07
4	   1.407602e-06	   1.400848e-06	   1.388426e-07
5	   1.407602e-06	   1.400848e-06	   1.390452e-07
6	   1.407602e-06	   1.400848e-06	   1.394251e-07
7	   1.407602e-06	   1.400848e-06	   1.399808e-07
8	   1.407602e-06	   1.400848e-06	   1.407103e-07
9	   1.407602e-06	   1.400848e-06	   1.416109e-07
10	   1.407602e-06	   1.400848e-06	   1.426793e-07
11	   1.407602e-06	   1.400848e-06	   1.439117e-07
12	   1.407602e-06	   1.400848e-06	   1.453041e-07
13	   1.407602e-06	   1.400848e-06	   1.468519e-07
14	   1.407602e-06	   1.400848e-06	   1.485501e-07
15	   1.407602e-06	   1.400848e-06	   1.503938e-07
16	   1.407602e-06	   1.400848e-06	   1.523776e-07
17	   1.407602e-06	   1.400848e-06	   1.544961e-07
18	   1.407602e-06	   1.400848e-06	   1.567439e-07
19	   1.407602e-06	   1.400848e-06	   1.591155e-07
20	   1.407602e-06	   1.400848e-06	   1.616055e-07
21	   1.407602e-06	   1.400848e-06	   1.642083e-07
22	   1.407602e-06	   1.400848e-06	   1.669189e-07
23	   1.407602e-06	   1.400848e-06	   1.697320e-07
24	   1.407602e-06	   1.400848e-06	   1.726426e-07
25	   1.407602e-06	   1.400848e-06	   1.756459e-07
26	   1.407602e-06	   1.400848e-06	   1.787371e-07
27	   1.407602e-06	   1.400848e-06	   1.819118e-07
28	   1.407602e-06	   1.400848e-06	   1.851658e-07
29	   1.407602e-06	   1.400848e-06	   1.884948e-07
30	   1.407602e-06	   1.400848e-06	   1.918951e-07
31	   1.407602e-06	   1.400848e-06	   1.953628e-07
32	   1.407602e-06	   1.400848e-06	   1.988945e-07
33	   1.407602e-06	   1.400848e-06	   2.024868e-07
34	   1.407602e-06	   1.400848e-06	   2.061365e-07
35	   1.407602e-06	   1.400848e-06	   2.098407e-07
36	   1.407602e-06	   1.400848e-06	   2.135964e-07
37	   1.407602e-06	   1.400848e-06	   2.174011e-07
38	   1.407602e-06	   1.400848e-06	   2.212522e-07
39	   1.407602e-06	   1.400848e-06	   2.251473e-07
40	   1.407602e-06	   1.400848e-06	   2.290842e-07
41	   1.407602e-06	   1.400848e-06	   2.330608e-07
42	   1.407602e-06	   1.400848e-06	   2.370750e-07
43	   1.407602e-06	   1.400848e-06	   2.411251e-07
44	   1.407602e-06	   1.400848e-06	   2.452091e-07
45	   1.407602e-06	   1.400848e-06	   2.493255e-07
46	   1.407602e-06	   1.400848e-06	   2.534726e-07
47	   1.407602e-06	   1.400848e-06	   2.576490e-07
48	   1.407602e-06	   1.400848e-06	   2.618533e-07
49	   1.407602e-06	   1.400848e-06	   2.660842e-07
50	   1.407602e-06	   1.400848e-06	   2.703403e-07
51	   1.407602e-06	   1.400848e-06	   2.746206e-07
52	   1.407602e-06	   1.400848e-06	   2.789240e-07
53	   1.407602e-06	   1.400848e-06	   2.832493e-07
54	   1.407602e-06	   1.400848e-06	   2.875955e-07
55	   1.407602e-06	   1.400848e-06	   2.919619e-07
56	   1.407602e-06	   1.400848e-06	   2.963473e-07
57	   1.407602e-06	   1.400848e-06	   3.007511e-07
58	   1.407602e-06	   1.400848e-06	   3.051725e-07
59	   1.407602e-06	   1.400848e-06	   3.096106e-07
60	   1.407602e-06	   1.400848e-06	   3.140648e-07
61	   1.407602e-06	   1.400848e-06	   3.185343e-07
62	   1.407602e-06	   1.400848e-06	   3.230186e-07
63	   1.407602e-06	   1.400848e-06	   3.275171e-07
64	   1.407602e-06	   1.400848e-06	   3.320291e-07
65	   1.407602e-06	   1.400848e-06	   3.365542e-07
66	   1.407602e-06	   1.400848e-06	   3.410918e-07
67	   1.407602e-06	   1.400848e-06	   3.456413e-07
68	   1.407602e-06	   1.400848e-06	   3.502025e-07
69	   1.407602e-06	   1.400848e-06	   3.547747e-07
70	   1.407602e-06	   1.400848e-06	   3.593576e-07
71	   1.407602e-06	   1.400848e-06	   3.639508e-07
72	   1.407602e-06	   1.400848e-06	   3.685539e-07
73	   1.407602e-06	   1.400848e-06	   3.731665e-07
74	   1.407602e-06	   1.400848e-06	   3.777882e-07
75	   1.407602e-06	   1.400848e-06	   3.824188e-07
76	   1.407602e-06	   1.400848e-06	   3.870580e-07
77	   1.407602e-06	   1.400848e-06	   3.917053e-07
78	   1.407602e-06	   1.400848e-06	   3.963606e-07
79	   1.407602e-06	   1.400848e-06	   4.010236e-07
80	   1.407602e-06	   1.400848e-06	   4.056939e-07
81	   1.407602e-06	   1.400848e-06	   4.103714e-07
82	   1.407602e-06	   1.400848e-06	   4.150558e-07
83	   1.407602e-06	   1.400848e-06	   4.197468e-07
84	   1.407602e-06	   1.400848e-06	   4.244443e-07
85	   1.407602e-06	   1.400848e-06	   4.291481e-07
86	   1.407602e-06	   1.400848e-06	   4.338578e-07
87	   1.407602e-06	   1.400848e-06	   4.385734e-07
88	   1.407602e-06	   1.400848e-06	   4.432947e-07
89	   1.407602e-06	   1.400848e-06	   4.480214e-07
90	   1.407602e-06	   1.400848e-06	   4.527535e-07
91	   1.407602e-06	   1.400848e-06	   4.574906e-07
92	   1.407602e-06	   1.400848e-06	   4.622328e-07
93	   1.407602e-06	   1.400848e-06	   4.669797e-07
94	   1.407602e-06	   1.400848e-06	   4.717314e-07
95	   1.407602e-06	   1.400848e-06	   4.764876e-07
96	   1.407602e-06	   1.400848e-06	   4.812482e-07
97	   1.407602e-06	   1.400848e-06	   4.860131e-07
98	   1.407602e-06	   1.400848e-06	   4.907821e-07
99	   1.407602e-06	   1.400848e-06	   4.955552e-07
100	   1.407602e-06	   1.400848e-06	   5.003322e-07
101	   1.407602e-06	   1.400848e-06	   5.051130e-07
102	   1.407602e-06	   1.400848e-06	   5.098974e-07
103	   1.407602e-06	   1.400848e-06	   5.146855e-07
104	   1.407602e-06	   1.400848e-06	   5.194771e-07
105	   1.407602e-06	   1.400848e-06	   5.242721e-07
106	   1.407602e-06	   1.400848e-06	   5.290704e-07
107	   1.407602e-06	   1.400848e-06	   5.338719e-07
108	   1.407602e-06	   1.400848e-06	   5.386765e-07
109	   1.407602e-06	   1.400848e-06	   5.434842e-07
110	   1.407602e-06	   1.400848e-06	   5.482949e-07
111	   1.407602e-06	   1.400848e-06	   5.531085e-07
112	   1.407602e-06	   1.400848e-06	   5.579248e-07
113	   1.407602e-06	   1.400848e-06	   5.627440e-07
114	   1.407602e-06	   1.400848e-06	   5.675658e-07
115	   1.407602e-06	   1.400848e-06	   5.723902e-07
116	   1.407602e-06	   1.400848e-06	   5.772171e-07
117	   1.407602e-06	   1.400848e-06	   5.820465e-07
118	   1.407602e-06	   1.400848e-06	   5.868784e-07
119	   1.407602e-06	   1.400848e-06	   5.917126e-07
120	   1.407602e-06	   1.400848e-06	   5.965491e-07
121	   1.407602e-06	   1.400848e-06	   6.013878e-07
122	   1.407602e-06	   1.400848e-06	   6.062288e-07
123	   1.407602e-06	   1.400848e-06	   6.110718e-07
124	   1.407602e-06	   1.400848e-06	   6.159170e-07
125	   1.407602e-06	   1.400848e-06	   6.207642e-07
126	   1.407602e-06	   1.400848e-06	   6.256134e-07
127	   1.407602e-06	   1.400848e-06	   6.304646e-07
128	   1.407602e-06	   1.400848e-06	   6.353176e-07
129	   1.407602e-06	   1.400848e-06	   6.401725e-07
130	   1.407602e-06	   1.400848e-06	   6.450293e-07
131	   1.407602e-06	   1.400848e-06	   6.498878e-07
132	   1.407602e-06	   1.400848e-06	   6.547480e-07
133	   1.407602e-06	   1.400848e-06	   6.596099e-07
134	   1.407602e-06	   1.400848e-06	   6.644735e-07
135	   1.407602e-06	   1.400848e-06	   6.693388e-07
136	   1.407602e-06	   1.400848e-06	   6.742056e-07
137	   1.407602e-06	   1.400848e-06	   6.790740e-07
138	   1.407602e-06	   1.400848e-06	   6.837993e-07
139	   1.407602e-06	   1.400848e-06	   6.886709e-07
140	   1.407602e-06	   1.400848e-06	   6.741575e-07
141	   1.407602e-06	   1.400848e-06	   6.790240e-07
142	   1.407602e-06	   1.400848e-06	   6.838920e-07
143	   1.407602e-06	   1.400848e-06	   6.889031e-07
144	   1.407602e-06	   1.400848e-06	   6.937724e-07
145	   1.407602e-06	   1.400848e-06	   6.986431e-07
146	   1.407602e-06	   1.400848e-06	   7.035153e-07
147	   1.407602e-06	   1.400848e-06	   6.891364e-07
148	   1.407602e-06	   1.400848e-06	   6.752227e-07
149	   1.407602e-06	   1.400848e-06	   6.800785e-07
150	   1.407602e-06	   1.400848e-06	   6.660575e-07
151	   1.407602e-06	   1.400848e-06	   6.709051e-07
152	   1.407602e-06	   1.400848e-06	   6.757545e-07
153	   1.407602e-06	   1.400848e-06	   6.810367e-07
154	   1.407602e-06	   1.400848e-06	   6.671872e-07
155	   1.407602e-06	   1.400848e-06	   6.720251e-07
156	   1.407602e-06	   1.400848e-06	   6.768650e-07
157	   1.407602e-06	   1.400848e-06	   6.822806e-07
158	   1.407602e-06	   1.400848e-06	   6.871196e-07
159	   1.407602e-06	   1.400848e-06	   6.919604e-07
160	   1.407602e-06	   1.400848e-06	   6.968031e-07
161	   1.407602e-06	   1.400848e-06	   7.016477e-07
162	   1.407602e-06	   1.400848e-06	   6.879254e-07
163	   1.407602e-06	   1.400848e-06	   6.934643e-07
164	   1.407602e-06	   1.400848e-06	   6.982951e-07
165	   1.407602e-06	   1.400848e-06	   7.039611e-07
166	   1.407602e-06	   1.400848e-06	   6.904320e-07
167	   1.407602e-06	   1.400848e-06	   6.962316e-07
168	   1.407602e-06	   1.400848e-06	   7.010411e-07
169	   1.407602e-06	   1.400848e-06	   6.877101e-07
170	   1.407602e-06	   1.400848e-06	   6.925066e-07
171	   1.407602e-06	   1.400848e-06	   6.973056e-07
172	   1.407602e-06	   1.400848e-06	   7.032208e-07
173	   1.407602e-06	   1.400848e-06	   7.080163e-07
174	   1.407602e-06	   1.400848e-06	   7.128143e-07
175	   1.407602e-06	   1.400848e-06	   6.996384e-07
176	   1.407602e-06	   1.400848e-06	   7.044225e-07
177	   1.407602e-06	   1.400848e-06	   6.927213e-07
178	   1.407602e-06	   1.400848e-06	   6.974804e-07
179	   1.407602e-06	   1.400848e-06	   7.022425e-07
180	   1.407602e-06	   1.400848e-06	   7.070075e-07
181	   1.407602e-06	   1.400848e-06	   6.942272e-07
182	   1.407602e-06	   1.400848e-06	   6.831190e-07
183	   1.407602e-06	   1.400848e-06	   6.878344e-07
184	   1.407602e-06	   1.400848e-06	   6.925534e-07
185	   1.407602e-06	   1.400848e-06	   6.988186e-07
186	   1.407602e-06	   1.400848e-06	   7.052022e-07
187	   1.407602e-06	   1.400848e-06	   6.928969e-07
188	   1.407602e-06	   1.400848e-06	   6.975794e-07
189	   1.407602e-06	   1.400848e-06	   7.022659e-07
190	   1.407602e-06	   1.400848e-06	   7.069564e-07
191	   1.407602e-06	   1.400848e-06	   7.116507e-07
192	   1.407602e-06	   1.400848e-06	   6.994957e-07
193	   1.407602e-06	   1.400848e-06	   6.875981e-07
194	   1.407602e-06	   1.400848e-06	   6.922435e-07
195	   1.407602e-06	   1.400848e-06	   6.987174e-07
196	   1.407602e-06	   1.400848e-06	   7.033590e-07
197	   1.407602e-06	   1.400848e-06	   7.099385e-07
198	   1.407602e-06	   1.400848e-06	   7.145757e-07
199	   1.407602e-06	   1.400848e-06	   7.049531e-07
200	   1.407602e-06	   1.400848e-06	   7.095517e-07
201	   1.407602e-06	   1.400848e-06	   7.141553e-07
202	   1.407602e-06	   1.400848e-06	   7.209409e-07
203	   1.407602e-06	   1.400848e-06	   7.255398e-07
204	   1.407602e-06	   1.400848e-06	   7.324205e-07
205	   1.407602e-06	   1.400848e-06	   7.370142e-07
206	   1.407602e-06	   1.400848e-06	   7.416128e-07
207	   1.407602e-06	   1.400848e-06	   7.300662e-07
208	   1.407602e-06	   1.400848e-06	   7.346403e-07
209	   1.407602e-06	   1.400848e-06	   7.392195e-07
210	   1.407602e-06	   1.400848e-06	   7.278758e-07
211	   1.407602e-06	   1.400848e-06	   7.348314e-07
212	   1.407602e-06	   1.400848e-06	   7.393745e-07
213	   1.407602e-06	   1.400848e-06	   7.439232e-07
214	   1.407602e-06	   1.400848e-06	   7.327902e-07
215	   1.407602e-06	   1.400848e-06	   7.373117e-07
216	   1.407602e-06	   1.400848e-06	   7.418390e-07
217	   1.407602e-06	   1.400848e-06	   7.463719e-07
218	   1.407602e-06	   1.400848e-06	   7.509105e-07
219	   1.407602e-06	   1.400848e-06	   7.399175e-07
220	   1.407602e-06	   1.400848e-06	   7.469211e-07
221	   1.407602e-06	   1.400848e-06	   7.540223e-07
222	   1.407602e-06	   1.400848e-06	   7.460745e-07
223	   1.407602e-06	   1.400848e-06	   7.505126e-07
224	   1.407602e-06	   1.400848e-06	   7.549573e-07
225	   1.407602e-06	   1.400848e-06	   7.444971e-07
226	   1.407602e-06	   1.400848e-06	   7.489107e-07
227	   1.407602e-06	   1.400848e-06	   7.533314e-07
228	   1.407602e-06	   1.400848e-06	   7.577588e-07
229	   1.407602e-06	   1.400848e-06	   7.503489e-07
230	   1.407602e-06	   1.400848e-06	   7.403988e-07
231	   1.407602e-06	   1.400848e-06	   7.447350e-07
232	   1.407602e-06	   1.400848e-06	   7.350491e-07
233	   1.407602e-06	   1.400848e-06	   7.423904e-07
234	   1.407602e-06	   1.400848e-06	   7.498233e-07
235	   1.407602e-06	   1.400848e-06	   7.541033e-07
236	   1.407602e-06	   1.400848e-06	   7.446757e-07
237	   1.407602e-06	   1.400848e-06	   7.489183e-07
238	   1.407602e-06	   1.400848e-06	   7.531698e-07
239	   1.407602e-06	   1.400848e-06	   7.574302e-07
240	   1.407602e-06	   1.400848e-06	   7.649070e-07
241	   1.407602e-06	   1.400848e-06	   7.691660e-07
242	   1.407602e-06	   1.400848e-06	   7.734336e-07
243	   1.407602e-06	   1.400848e-06	   7.640832e-07
244	   1.407602e-06	   1.400848e-06	   7.683139e-07
245	   1.407602e-06	   1.400848e-06	   7.758420e-07
246	   1.407602e-06	   1.400848e-06	   7.800717e-07
247	   1.407602e-06	   1.400848e-06	   7.709330e-07
248	   1.407602e-06	   1.400848e-06	   7.785291e-07
249	   1.407602e-06	   1.400848e-06	   7.862079e-07
250	   1.407602e-06	   1.400848e-06	   7.903802e-07
251	   1.407602e-06	   1.400848e-06	   7.945617e-07
252	   1.407602e-06	   1.400848e-06	   7.987523e-07
253	   1.407602e-06	   1.400848e-06	   8.029518e-07
254	   1.407602e-06	   1.400848e-06	   7.939219e-07
255	   1.407602e-06	   1.400848e-06	   7.980842e-07
256	   1.407602e-06	   1.400848e-06	   8.022558e-07
257	   1.407602e-06	   1.400848e-06	   8.099489e-07
258	   1.407602e-06	   1.400848e-06	   8.141198e-07
259	   1.407602e-06	   1.400848e-06	   8.052478e-07
260	   1.407602e-06	   1.400848e-06	   8.093812e-07
261	   1.407602e-06	   1.400848e-06	   8.171258e-07
262	   1.407602e-06	   1.400848e-06	   8.085043e-07
263	   1.407602e-06	   1.400848e-06	   8.001957e-07
264	   1.407602e-06	   1.400848e-06	   8.042301e-07
265	   1.407602e-06	   1.400848e-06	   8.120219e-07
266	   1.407602e-06	   1.400848e-06	   8.160578e-07
267	   1.407602e-06	   1.400848e-06	   8.118225e-07
268	   1.407602e-06	   1.400848e-06	   8.157974e-07
269	   1.407602e-06	   1.400848e-06	   8.197833e-07
270	   1.407602e-06	   1.400848e-06	   8.237799e-07
271	   1.407602e-06	   1.400848e-06	   8.277871e-07
272	   1.407602e-06	   1.400848e-06	   8.318047e-07
273	   1.407602e-06	   1.400848e-06	   8.237951e-07
274	   1.407602e-06	   1.400848e-06	   8.277717e-07
275	   1.407602e-06	   1.400848e-06	   8.317590e-07
276	   1.407602e-06	   1.400848e-06	   8.396128e-07
277	   1.407602e-06	   1.400848e-06	   8.436022e-07
278	   1.407602e-06	   1.400848e-06	   8.515193e-07
279	   1.407602e-06	   1.400848e-06	   8.555105e-07
280	   1.407602e-06	   1.400848e-06	   8.595119e-07
281	   1.407602e-06	   1.400848e-06	   8.674811e-07
282	   1.407602e-06	   1.400848e-06	   8.594878e-07
283	   1.407602e-06	   1.400848e-06	   8.675130e-07
284	   1.407602e-06	   1.400848e-06	   8.598115e-07
285	   1.407602e-06	   1.400848e-06	   8.678896e-07
286	   1.407602e-06	   1.400848e-06	   8.717744e-07
287	   1.407602e-06	   1.400848e-06	   8.756703e-07
288	   1.407602e-06	   1.400848e-06	   8.681575e-07
289	   1.407602e-06	   1.400848e-06	   8.720122e-07
290	   1.407602e-06	   1.400848e-06	   8.647568e-07
291	   1.407602e-06	   1.400848e-06	   8.685690e-07
292	   1.407602e-06	   1.400848e-06	   8.615748e-07
293	   1.407602e-06	   1.400848e-06	   8.653433e-07
294	   1.407602e-06	   1.400848e-06	   8.691239e-07
295	   1.407602e-06	   1.400848e-06	   8.623374e-07
296	   1.407602e-06	   1.400848e-06	   8.703589e-07
297	   1.407602e-06	   1.400848e-06	   8.740883e-07
298	   1.407602e-06	   1.400848e-06	   8.821695e-07
299	   1.407602e-06	   1.400848e-06	   8.800636e-07
300	   1.407602e-06	   1.400848e-06	   8.837223e-07
301	   1.407602e-06	   1.400848e-06	   8.919080e-07
302	   1.407602e-06	   1.400848e-06	   8.955731e-07
303	   1.407602e-06	   1.400848e-06	   8.992506e-07
304	   1.407602e-06	   1.400848e-06	   9.029407e-07
305	   1.407602e-06	   1.400848e-06	   8.964701e-07
306	   1.407602e-06	   1.400848e-06	   9.001159e-07
307	   1.407602e-06	   1.400848e-06	   9.083140e-07
308	   1.407602e-06	   1.400848e-06	   9.119662e-07
309	   1.407602e-06	   1.400848e-06	   9.056716e-07
310	   1.407602e-06	   1.400848e-06	   8.996940e-07
311	   1.407602e-06	   1.400848e-06	   8.940398e-07
312	   1.407602e-06	   1.400848e-06	   8.975278e-07
313	   1.407602e-06	   1.400848e-06	   9.056924e-07
314	   1.407602e-06	   1.400848e-06	   9.091896e-07
315	   1.407602e-06	   1.400848e-06	   9.127005e-07
316	   1.407602e-06	   1.400848e-06	   9.162250e-07
317	   1.407602e-06	   1.400848e-06	   9.244357e-07
318	   1.407602e-06	   1.400848e-06	   9.327057e-07
319	   1.407602e-06	   1.400848e-06	   9.362331e-07
320	   1.407602e-06	   1.400848e-06	   9.305089e-07
321	   1.407602e-06	   1.400848e-06	   9.339910e-07
322	   1.407602e-06	   1.400848e-06	   9.374866e-07
323	   1.407602e-06	   1.400848e-06	   9.409955e-07
324	   1.407602e-06	   1.400848e-06	   9.445175e-07
325	   1.407602e-06	   1.400848e-06	   9.527912e-07
326	   1.407602e-06	   1.400848e-06	   9.563210e-07
327	   1.407602e-06	   1.400848e-06	   9.598636e-07
328	   1.407602e-06	   1.400848e-06	   9.681829e-07
329	   1.407602e-06	   1.400848e-06	   9.717326e-07
330	   1.407602e-06	   1.400848e-06	   9.658597e-07
331	   1.407602e-06	   1.400848e-06	   9.693664e-07
332	   1.407602e-06	   1.400848e-06	   9.728858e-07
333	   1.407602e-06	   1.400848e-06	   9.672011e-07
334	   1.407602e-06	   1.400848e-06	   9.755059e-07
335	   1.407602e-06	   1.400848e-06	   9.789770e-07
336	   1.407602e-06	   1.400848e-06	   9.735084e-07
337	   1.407602e-06	   1.400848e-06	   9.818339e-07
338	   1.407602e-06	   1.400848e-06	   9.902133e-07
339	   1.407602e-06	   1.400848e-06	   9.936314e-07
340	   1.407602e-06	   1.400848e-06	   9.883467e-07
341	   1.407602e-06	   1.400848e-06	   9.917208e-07
342	   1.407602e-06	   1.400848e-06	   9.951084e-07
343	   1.407602e-06	   1.400848e-06	   9.985093e-07
344	   1.407602e-06	   1.400848e-06	   1.001923e-06
345	   1.407602e-06	   1.400848e-06	   1.005350e-06
346	   1.407602e-06	   1.400848e-06	   1.000079e-06
347	   1.407602e-06	   1.400848e-06	   1.003462e-06
348	   1.407602e-06	   1.400848e-06	   9.984307e-07
349	   1.407602e-06	   1.400848e-06	   1.001770e-06
350	   1.407602e-06	   1.400848e-06	   1.001976e-06
351	   1.407602e-06	   1.400848e-06	   1.002606e-06
352	   1.407602e-06	   1.400848e-06	   1.005807e-06
353	   1.407602e-06	   1.400848e-06	   1.009021e-06
354	   1.407602e-06	   1.400848e-06	   1.012250e-06
355	   1.407602e-06	   1.400848e-06	   1.015493e-06
356	   1.407602e-06	   1.400848e-06	   1.018750e-06
357	   1.407602e-06	   1.400848e-06	   1.027085e-06
358	   1.407602e-06	   1.400848e-06	   1.030353e-06
359	   1.407602e-06	   1.400848e-06	   1.033634e-06
360	   1.407602e-06	   1.400848e-06	   1.034170e-06
361	   1.407602e-06	   1.400848e-06	   1.037390e-06
362	   1.417602e-06	   1.400848e-06	   1.036907e-06
363	   1.417602e-06	   1.400848e-06	   1.045378e-06
364	   1.417602e-06	   1.400848e-06	   1.048682e-06
365	   1.417602e-06	   1.400848e-06	   1.049089e-06
366	   1.417602e-06	   1.400848e-06	   1.049900e-06
367	   1.417602e-06	   1.400848e-06	   1.045696e-06
368	   1.417602e-06	   1.400848e-06	   1.048808e-06
369	   1.417602e-06	   1.400848e-06	   1.051934e-06
370	   1.417602e-06	   1.400848e-06	   1.060445e-06
371	   1.417602e-06	   1.400848e-06	   1.063583e-06
372	   1.417602e-06	   1.400848e-06	   1.059457e-06
373	   1.417602e-06	   1.400848e-06	   1.067976e-06
374	   1.417602e-06	   1.400848e-06	   1.071068e-06
375	   1.417602e-06	   1.400848e-06	   1.074175e-06
376	   1.417602e-06	   1.400848e-06	   1.075662e-06
377	   1.417602e-06	   1.400848e-06	   1.078708e-06
378	   1.417602e-06	   1.400848e-06	   1.074968e-06
379	   1.417602e-06	   1.400848e-06	   1.077970e-06
380	   1.417602e-06	   1.400848e-06	   1.080986e-06
381	   1.417602e-06	   1.400848e-06	   1.089514e-06
382	   1.417602e-06	   1.400848e-06	   1.092544e-06
383	   1.417602e-06	   1.400848e-06	   1.095587e-06
384	   1.417602e-06	   1.400848e-06	   1.091860e-06
385	   1.417602e-06	   1.400848e-06	   1.094860e-06
386	   1.417602e-06	   1.400848e-06	   1.097874e-06
387	   1.417602e-06	   1.400848e-06	   1.100902e-06
388	   1.417602e-06	   1.400848e-06	   1.103944e-06
389	   1.417602e-06	   1.400848e-06	   1.107001e-06
390	   1.417602e-06	   1.400848e-06	   1.108757e-06
391	   1.417602e-06	   1.400848e-06	   1.105324e-06
392	   1.417602e-06	   1.400848e-06	   1.108264e-06
393	   1.417602e-06	   1.400848e-06	   1.111218e-06
394	   1.417602e-06	   1.400848e-06	   1.119710e-06
395	   1.417602e-06	   1.400848e-06	   1.122677e-06
396	   1.417602e-06	   1.400848e-06	   1.125659e-06
397	   1.417602e-06	   1.400848e-06	   1.128654e-06
398	   1.417602e-06	   1.400848e-06	   1.137188e-06
399	   1.417602e-06	   1.400848e-06	   1.133667e-06
400	   1.417602e-06	   1.400848e-06	   1.142205e-06
401	   1.417602e-06	   1.400848e-06	   1.145156e-06
402	   1.417602e-06	   1.400848e-06	   1.148121e-06
403	   1.417602e-06	   1.400848e-06	   1.151100e-06
404	   1.417602e-06	   1.400848e-06	   1.159678e-06
405	   1.417602e-06	   1.400848e-06	   1.156185e-06
406	   1.427602e-06	   1.400848e-06	   1.147866e-06
407	   1.427602e-06	   1.400848e-06	   1.150802e-06
408	   1.427602e-06	   1.400848e-06	   1.153182e-06
409	   1.427602e-06	   1.400848e-06	   1.156060e-06
410	   1.427602e-06	   1.400848e-06	   1.147496e-06
411	   1.427602e-06	   1.400848e-06	   1.149947e-06
412	   1.427602e-06	   1.400848e-06	   1.141556e-06
413	   1.427602e-06	   1.400848e-06	   1.144463e-06
414	   1.427602e-06	   1.400848e-06	   1.141924e-06
415	   1.427602e-06	   1.400848e-06	   1.150328e-06
416	   1.427602e-06	   1.400848e-06	   1.147178e-06
417	   1.427602e-06	   1.400848e-06	   1.155586e-06
418	   1.427602e-06	   1.400848e-06	   1.158478e-06
419	   1.427602e-06	   1.400848e-06	   1.161385e-06
420	   1.427602e-06	   1.400848e-06	   1.158351e-06
421	   1.437602e-06	   1.400848e-06	   1.155940e-06
422	   1.437602e-06	   1.400848e-06	   1.158874e-06
423	   1.437602e-06	   1.400848e-06	   1.155683e-06
424	   1.437602e-06	   1.400848e-06	   1.152765e-06
425	   1.437602e-06	   1.400848e-06	   1.155600e-06
426	   1.447602e-06	   1.400848e-06	   1.152894e-06
427	   1.447602e-06	   1.400848e-06	   1.155727e-06
428	   1.447602e-06	   1.400848e-06	   1.158575e-06
429	   1.447602e-06	   1.400848e-06	   1.161438e-06
430	   1.447602e-06	   1.400848e-06	   1.164179e-06
431	   1.447602e-06	   1.400848e-06	   1.172672e-06
432	   1.457602e-06	   1.400848e-06	   1.176149e-06
433	   1.457602e-06	   1.400848e-06	   1.167672e-06
434	   1.457602e-06	   1.400848e-06	   1.170574e-06
435	   1.457602e-06	   1.400848e-06	   1.173491e-06
436	   1.457602e-06	   1.400848e-06	   1.170278e-06
437	   1.457602e-06	   1.400848e-06	   1.161881e-06
438	   1.457602e-06	   1.400848e-06	   1.170323e-06
439	   1.457602e-06	   1.400848e-06	   1.173155e-06
440	   1.467602e-06	   1.400848e-06	   1.171090e-06
441	   1.467602e-06	   1.400848e-06	   1.179654e-06
442	   1.467602e-06	   1.400848e-06	   1.176459e-06
443	   1.467602e-06	   1.400848e-06	   1.168328e-06
444	   1.467602e-06	   1.400848e-06	   1.171228e-06
445	   1.467602e-06	   1.400848e-06	   1.174141e-06
446	   1.467602e-06	   1.400848e-06	   1.171017e-06
447	   1.477602e-06	   1.400848e-06	   1.163005e-06
448	   1.477602e-06	   1.400848e-06	   1.171477e-06
449	   1.477602e-06	   1.400848e-06	   1.163262e-06
450	   1.487602e-06	   1.400848e-06	   1.150582e-06
451	   1.487602e-06	   1.400848e-06	   1.158994e-06
452	   1.497602e-06	   1.400848e-06	   1.157637e-06
453	   1.497602e-06	   1.400848e-06	   1.159716e-06
454	   1.497602e-06	   1.400848e-06	   1.156510e-06
455	   1.497602e-06	   1.400848e-06	   1.159374e-06
456	   1.497602e-06	   1.400848e-06	   1.162252e-06
457	   1.497602e-06	   1.400848e-06	   1.165144e-06
458	   1.497602e-06	   1.400848e-06	   1.167658e-06
459	   1.497602e-06	   1.400848e-06	   1.170493e-06
460	   1.497602e-06	   1.400848e-06	   1.167618e-06
461	   1.497602e-06	   1.400848e-06	   1.170411e-06
462	   1.507602e-06	   1.400848e-06	   1.174223e-06
463	   1.517602e-06	   1.400848e-06	   1.172989e-06
464	   1.517602e-06	   1.400848e-06	   1.175358e-06
465	   1.517602e-06	   1.400848e-06	   1.167307e-06
466	   1.517602e-06	   1.400848e-06	   1.153515e-06
467	   1.517602e-06	   1.400848e-06	   1.161942e-06
468	   1.517602e-06	   1.400848e-06	   1.164812e-06
469	   1.517602e-06	   1.400848e-06	   1.161773e-06
470	   1.527602e-06	   1.400848e-06	   1.165869e-06
471	   1.527602e-06	   1.400848e-06	   1.168749e-06
472	   1.527602e-06	   1.400848e-06	   1.165571e-06
473	   1.527602e-06	   1.400848e-06	   1.157929e-06
474	   1.527602e-06	   1.400848e-06	   1.166342e-06
475	   1.527602e-06	   1.400848e-06	   1.163308e-06
476	   1.527602e-06	   1.400848e-06	   1.166130e-06
477	   1.527602e-06	   1.400848e-06	   1.174547e-06
478	   1.527602e-06	   1.400848e-06	   1.177335e-06
479	   1.527602e-06	   1.400848e-06	   1.180102e-06
480	   1.527602e-06	   1.400848e-06	   1.182883e-06
481	   1.527602e-06	   1.400848e-06	   1.185678e-06
482	   1.527602e-06	   1.400848e-06	   1.172494e-06
483	   1.537602e-06	   1.400848e-06	   1.170609e-06
484	   1.537602e-06	   1.400848e-06	   1.179011e-06
485	   1.537602e-06	   1.400848e-06	   1.176437e-06
486	   1.537602e-06	   1.400848e-06	   1.179142e-06
487	   1.547602e-06	   1.400848e-06	   1.177273e-06
488	   1.547602e-06	   1.400848e-06	   1.169687e-06
489	   1.547602e-06	   1.400848e-06	   1.178073e-06
490	   1.547602e-06	   1.400848e-06	   1.180900e-06
491	   1.547602e-06	   1.400848e-06	   1.179127e-06
492	   1.547602e-06	   1.400848e-06	   1.181690e-06
493	   1.547602e-06	   1.400848e-06	   1.184487e-06
494	   1.547602e-06	   1.400848e-06	   1.187334e-06
495	   1.547602e-06	   1.400848e-06	   1.190074e-06
496	   1.547602e-06	   1.400848e-06	   1.182742e-06
497	   1.547602e-06	   1.400848e-06	   1.175811e-06
498	   1.557602e-06	   1.400848e-06	   1.168459e-06
499	   1.557602e-06	   1.400848e-06	   1.171287e-06
500	   1.557602e-06	   1.400848e-06	   1.168505e-06
501	   1.567602e-06	   1.400848e-06	   1.172330e-06
502	   1.567602e-06	   1.400848e-06	   1.175169e-06
503	   1.567602e-06	   1.400848e-06	   1.183467e-06
504	   1.567602e-06	   1.400848e-06	   1.186020e-06
505	   1.577602e-06	   1.400848e-06	   1.184834e-06
506	   1.577602e-06	   1.400848e-06	   1.181789e-06
507	   1.577602e-06	   1.400848e-06	   1.184584e-06
508	   1.577602e-06	   1.400848e-06	   1.181750e-06
509	   1.577602e-06	   1.400848e-06	   1.184502e-06
510	   1.577602e-06	   1.400848e-06	   1.187269e-06
511	   1.577602e-06	   1.400848e-06	   1.195605e-06
512	   1.587602e-06	   1.400848e-06	   1.200189e-06
513	   1.587602e-06	   1.400848e-06	   1.203022e-06
514	   1.587602e-06	   1.400848e-06	   1.195898e-06
515	   1.587602e-06	   1.400848e-06	   1.192694e-06
516	   1.587602e-06	   1.400848e-06	   1.189755e-06
517	   1.587602e-06	   1.400848e-06	   1.192529e-06
518	   1.587602e-06	   1.400848e-06	   1.195318e-06
519	   1.587602e-06	   1.400848e-06	   1.203636e-06
520	   1.587602e-06	   1.400848e-06	   1.211998e-06
521	   1.597602e-06	   1.400848e-06	   1.201406e-06
522	   1.597602e-06	   1.400848e-06	   1.204297e-06
523	   1.597602e-06	   1.400848e-06	   1.191485e-06
524	   1.597602e-06	   1.400848e-06	   1.185220e-06
525	   1.597602e-06	   1.400848e-06	   1.187325e-06
526	   1.597602e-06	   1.400848e-06	   1.195466e-06
527	   1.597602e-06	   1.400848e-06	   1.192556e-06
528	   1.597602e-06	   1.400848e-06	   1.195343e-06
529	   1.597602e-06	   1.400848e-06	   1.203490e-06
530	   1.597602e-06	   1.400848e-06	   1.206293e-06
531	   1.607602e-06	   1.400848e-06	   1.205455e-06
532	   1.607602e-06	   1.400848e-06	   1.207709e-06
533	   1.607602e-06	   1.400848e-06	   1.215975e-06
534	   1.607602e-06	   1.400848e-06	   1.224286e-06
535	   1.607602e-06	   1.400848e-06	   1.211817e-06
536	   1.607602e-06	   1.400848e-06	   1.209092e-06
537	   1.607602e-06	   1.400848e-06	   1.212102e-06
538	   1.617602e-06	   1.400848e-06	   1.205393e-06
539	   1.627602e-06	   1.400848e-06	   1.194661e-06
540	   1.627602e-06	   1.400848e-06	   1.202829e-06
541	   1.637602e-06	   1.400848e-06	   1.202154e-06
542	   1.637602e-06	   1.400848e-06	   1.210434e-06
543	   1.637602e-06	   1.400848e-06	   1.213239e-06
544	   1.637602e-06	   1.400848e-06	   1.206842e-06
545	   1.637602e-06	   1.400848e-06	   1.203672e-06
546	   1.637602e-06	   1.400848e-06	   1.200764e-06
547	   1.647602e-06	   1.400848e-06	   1.194431e-06
548	   1.647602e-06	   1.400848e-06	   1.202598e-06
549	   1.647602e-06	   1.400848e-06	   1.199875e-06
550	   1.647602e-06	   1.400848e-06	   1.193490e-06
551	   1.647602e-06	   1.400848e-06	   1.196210e-06
552	   1.647602e-06	   1.400848e-06	   1.204281e-06
553	   1.657602e-06	   1.400848e-06	   1.203475e-06
554	   1.657602e-06	   1.400848e-06	   1.206192e-06
555	   1.657602e-06	   1.400848e-06	   1.214378e-06
556	   1.657602e-06	   1.400848e-06	   1.217111e-06
557	   1.657602e-06	   1.400848e-06	   1.219858e-06
558	   1.657602e-06	   1.400848e-06	   1.222619e-06
559	   1.657602e-06	   1.400848e-06	   1.225394e-06
560	   1.657602e-06	   1.400848e-06	   1.233632e-06
561	   1.657602e-06	   1.400848e-06	   1.236421e-06
562	   1.657602e-06	   1.400848e-06	   1.224270e-06
563	   1.657602e-06	   1.400848e-06	   1.221434e-06
564	   1.667602e-06	   1.400848e-06	   1.212148e-06
565	   1.667602e-06	   1.400848e-06	   1.209200e-06
566	   1.667602e-06	   1.400848e-06	   1.217219e-06
567	   1.667602e-06	   1.400848e-06	   1.225287e-06
568	   1.667602e-06	   1.400848e-06	   1.233400e-06
569	   1.667602e-06	   1.400848e-06	   1.230587e-06
570	   1.677602e-06	   1.400848e-06	   1.230146e-06
571	   1.677602e-06	   1.400848e-06	   1.232902e-06
572	   1.677602e-06	   1.400848e-06	   1.229945e-06
573	   1.677602e-06	   1.400848e-06	   1.232662e-06
574	   1.677602e-06	   1.400848e-06	   1.226446e-06
575	   1.677602e-06	   1.400848e-06	   1.223943e-06
576	   1.677602e-06	   1.400848e-06	   1.231942e-06
577	   1.687602e-06	   1.400848e-06	   1.231435e-06
578	   1.697602e-06	   1.400848e-06	   1.222062e-06
579	   1.697602e-06	   1.400848e-06	   1.224755e-06
580	   1.697602e-06	   1.400848e-06	   1.227462e-06
581	   1.697602e-06	   1.400848e-06	   1.224676e-06
582	   1.697602e-06	   1.400848e-06	   1.218877e-06
583	   1.697602e-06	   1.400848e-06	   1.226806e-06
584	   1.697602e-06	   1.400848e-06	   1.221093e-06
585	   1.697602e-06	   1.400848e-06	   1.228966e-06
586	   1.697602e-06	   1.400848e-06	   1.236888e-06
587	   1.707602e-06	   1.400848e-06	   1.228394e-06
588	   1.707602e-06	   1.400848e-06	   1.225550e-06
589	   1.717602e-06	   1.400848e-06	   1.219926e-06
590	   1.717602e-06	   1.400848e-06	   1.222602e-06
591	   1.717602e-06	   1.400848e-06	   1.225292e-06
592	   1.717602e-06	   1.400848e-06	   1.233195e-06
593	   1.727602e-06	   1.400848e-06	   1.225533e-06
594	   1.727602e-06	   1.400848e-06	   1.228318e-06
595	   1.727602e-06	   1.400848e-06	   1.225128e-06
596	   1.727602e-06	   1.400848e-06	   1.232990e-06
597	   1.737602e-06	   1.400848e-06	   1.227646e-06
598	   1.737602e-06	   1.400848e-06	   1.229851e-06
599	   1.737602e-06	   1.400848e-06	   1.232396e-06
600	   1.737602e-06	   1.400848e-06	   1.226921e-06
601	   1.737602e-06	   1.400848e-06	   1.216640e-06
602	   1.737602e-06	   1.400848e-06	   1.219240e-06
603	   1.737602e-06	   1.400848e-06	   1.216889e-06
604	   1.737602e-06	   1.400848e-06	   1.224519e-06
605	   1.737602e-06	   1.400848e-06	   1.227081e-06
606	   1.747602e-06	   1.400848e-06	   1.226840e-06
607	   1.747602e-06	   1.400848e-06	   1.234587e-06
608	   1.747602e-06	   1.400848e-06	   1.237229e-06
609	   1.747602e-06	   1.400848e-06	   1.239885e-06
610	   1.747602e-06	   1.400848e-06	   1.242348e-06
611	   1.747602e-06	   1.400848e-06	   1.244952e-06
612	   1.757602e-06	   1.400848e-06	   1.245194e-06
613	   1.757602e-06	   1.400848e-06	   1.247872e-06
614	   1.757602e-06	   1.400848e-06	   1.250565e-06
615	   1.757602e-06	   1.400848e-06	   1.258438e-06
616	   1.757602e-06	   1.400848e-06	   1.261147e-06
617	   1.757602e-06	   1.400848e-06	   1.258123e-06
618	   1.767602e-06	   1.400848e-06	   1.258838e-06
619	   1.767602e-06	   1.400848e-06	   1.255729e-06
620	   1.767602e-06	   1.400848e-06	   1.258404e-06
621	   1.767602e-06	   1.400848e-06	   1.247710e-06
622	   1.767602e-06	   1.400848e-06	   1.247919e-06
623	   1.767602e-06	   1.400848e-06	   1.250225e-06
624	   1.767602e-06	   1.400848e-06	   1.257920e-06
625	   1.767602e-06	   1.400848e-06	   1.260530e-06
626	   1.767602e-06	   1.400848e-06	   1.250516e-06
627	   1.767602e-06	   1.400848e-06	   1.258109e-06
628	   1.777602e-06	   1.400848e-06	   1.263411e-06
629	   1.777602e-06	   1.400848e-06	   1.260711e-06
630	   1.777602e-06	   1.400848e-06	   1.255961e-06
631	   1.777602e-06	   1.400848e-06	   1.253445e-06
632	   1.777602e-06	   1.400848e-06	   1.260999e-06
633	   1.777602e-06	   1.400848e-06	   1.268604e-06
634	   1.777602e-06	   1.400848e-06	   1.276260e-06
635	   1.777602e-06	   1.400848e-06	   1.273864e-06
636	   1.787602e-06	   1.400848e-06	   1.273901e-06
637	   1.787602e-06	   1.400848e-06	   1.276476e-06
638	   1.787602e-06	   1.400848e-06	   1.279065e-06
639	   1.787602e-06	   1.400848e-06	   1.281669e-06
640	   1.797602e-06	   1.400848e-06	   1.276867e-06
641	   1.797602e-06	   1.400848e-06	   1.279352e-06
642	   1.807602e-06	   1.400848e-06	   1.279974e-06
643	   1.807602e-06	   1.400848e-06	   1.269748e-06
644	   1.807602e-06	   1.400848e-06	   1.267240e-06
645	   1.807602e-06	   1.400848e-06	   1.269750e-06
646	   1.807602e-06	   1.400848e-06	   1.265155e-06
647	   1.807602e-06	   1.400848e-06	   1.272653e-06
648	   1.807602e-06	   1.400848e-06	   1.275211e-06
649	   1.807602e-06	   1.400848e-06	   1.282765e-06
650	   1.817602e-06	   1.400848e-06	   1.283579e-06
651	   1.817602e-06	   1.400848e-06	   1.279250e-06
652	   1.817602e-06	   1.400848e-06	   1.281910e-06
653	   1.817602e-06	   1.400848e-06	   1.283839e-06
654	   1.817602e-06	   1.400848e-06	   1.286451e-06
655	   1.817602e-06	   1.400848e-06	   1.294013e-06
656	   1.817602e-06	   1.400848e-06	   1.284351e-06
657	   1.817602e-06	   1.400848e-06	   1.285192e-06
658	   1.817602e-06	   1.400848e-06	   1.292587e-06
659	   1.817602e-06	   1.400848e-06	   1.294769e-06
660	   1.817602e-06	   1.400848e-06	   1.292351e-06
661	   1.827602e-06	   1.400848e-06	   1.292752e-06
662	   1.827602e-06	   1.400848e-06	   1.295306e-06
663	   1.827602e-06	   1.400848e-06	   1.292755e-06
664	   1.827602e-06	   1.400848e-06	   1.300181e-06
665	   1.827602e-06	   1.400848e-06	   1.302701e-06
666	   1.837602e-06	   1.400848e-06	   1.308455e-06
667	   1.837602e-06	   1.400848e-06	   1.305740e-06
668	   1.837602e-06	   1.400848e-06	   1.301505e-06
669	   1.837602e-06	   1.400848e-06	   1.297310e-06
670	   1.837602e-06	   1.400848e-06	   1.304631e-06
671	   1.837602e-06	   1.400848e-06	   1.307141e-06
672	   1.847602e-06	   1.400848e-06	   1.308014e-06
673	   1.847602e-06	   1.400848e-06	   1.315444e-06
674	   1.847602e-06	   1.400848e-06	   1.306255e-06
675	   1.847602e-06	   1.400848e-06	   1.303727e-06
676	   1.847602e-06	   1.400848e-06	   1.306252e-06
677	   1.847602e-06	   1.400848e-06	   1.302462e-06
678	   1.847602e-06	   1.400848e-06	   1.304919e-06
679	   1.847602e-06	   1.400848e-06	   1.307390e-06
680	   1.857602e-06	   1.400848e-06	   1.308071e-06
681	   1.857602e-06	   1.400848e-06	   1.310612e-06
682	   1.867602e-06	   1.400848e-06	   1.311900e-06
683	   1.867602e-06	   1.400848e-06	   1.313705e-06
684	   1.867602e-06	   1.400848e-06	   1.311059e-06
685	   1.867602e-06	   1.400848e-06	   1.318317e-06
686	   1.877602e-06	   1.400848e-06	   1.319560e-06
687	   1.887602e-06	   1.400848e-06	   1.321350e-06
688	   1.887602e-06	   1.400848e-06	   1.323084e-06
689	   1.887602e-06	   1.400848e-06	   1.320249e-06
690	   1.887602e-06	   1.400848e-06	   1.322746e-06
691	   1.887602e-06	   1.400848e-06	   1.330126e-06
692	   1.887602e-06	   1.400848e-06	   1.332641e-06
693	   1.887602e-06	   1.400848e-06	   1.328854e-06
694	   1.887602e-06	   1.400848e-06	   1.325452e-06
695	   1.887602e-06	   1.400848e-06	   1.332665e-06
696	   1.887602e-06	   1.400848e-06	   1.329757e-06
697	   1.887602e-06	   1.400848e-06	   1.336984e-06
698	   1.887602e-06	   1.400848e-06	   1.339523e-06
699	   1.887602e-06	   1.400848e-06	   1.336762e-06
700	   1.887602e-06	   1.400848e-06	   1.344005e-06
701	   1.887602e-06	   1.400848e-06	   1.341440e-06
702	   1.897602e-06	   1.400848e-06	   1.342658e-06
703	   1.897602e-06	   1.400848e-06	   1.334023e-06
704	   1.897602e-06	   1.400848e-06	   1.331607e-06
705	   1.897602e-06	   1.400848e-06	   1.329431e-06
706	   1.907602e-06	   1.400848e-06	   1.324588e-06
707	   1.907602e-06	   1.400848e-06	   1.331580e-06
708	   1.907602e-06	   1.400848e-06	   1.338626e-06
709	   1.907602e-06	   1.400848e-06	   1.345727e-06
710	   1.907602e-06	   1.400848e-06	   1.348175e-06
711	   1.907602e-06	   1.400848e-06	   1.350636e-06
712	   1.917602e-06	   1.400848e-06	   1.352252e-06
713	   1.917602e-06	   1.400848e-06	   1.349445e-06
714	   1.917602e-06	   1.400848e-06	   1.351922e-06
715	   1.917602e-06	   1.400848e-06	   1.359097e-06
716	   1.927602e-06	   1.400848e-06	   1.355576e-06
717	   1.927602e-06	   1.400848e-06	   1.358060e-06
718	   1.937602e-06	   1.400848e-06	   1.359441e-06
719	   1.937602e-06	   1.400848e-06	   1.361508e-06
720	   1.937602e-06	   1.400848e-06	   1.352944e-06
721	   1.937602e-06	   1.400848e-06	   1.355322e-06
722	   1.937602e-06	   1.400848e-06	   1.362460e-06
723	   1.937602e-06	   1.400848e-06	   1.364857e-06
724	   1.937602e-06	   1.400848e-06	   1.372052e-06
725	   1.937602e-06	   1.400848e-06	   1.369579e-06
726	   1.937602e-06	   1.400848e-06	   1.371945e-06
727	   1.947602e-06	   1.400848e-06	   1.373589e-06
728	   1.947602e-06	   1.400848e-06	   1.370119e-06
729	   1.947602e-06	   1.400848e-06	   1.367460e-06
730	   1.947602e-06	   1.400848e-06	   1.374567e-06
731	   1.947602e-06	   1.400848e-06	   1.371301e-06
732	   1.957602e-06	   1.400848e-06	   1.377944e-06
733	   1.957602e-06	   1.400848e-06	   1.385085e-06
734	   1.957602e-06	   1.400848e-06	   1.387567e-06
735	   1.957602e-06	   1.400848e-06	   1.384654e-06
736	   1.957602e-06	   1.400848e-06	   1.386126e-06
737	   1.957602e-06	   1.400848e-06	   1.388043e-06
738	   1.957602e-06	   1.400848e-06	   1.395147e-06
739	   1.957602e-06	   1.400848e-06	   1.392610e-06
740	   1.967602e-06	   1.400848e-06	   1.394424e-06
741	   1.967602e-06	   1.400848e-06	   1.396835e-06
742	   1.967602e-06	   1.400848e-06	   1.393677e-06
743	   1.967602e-06	   1.400848e-06	   1.390957e-06
744	   1.967602e-06	   1.400848e-06	   1.388110e-06
745	   1.977602e-06	   1.400848e-06	   1.394793e-06
746	   1.977602e-06	   1.400848e-06	   1.391949e-06
747	   1.977602e-06	   1.400848e-06	   1.394365e-06
748	   1.977602e-06	   1.400848e-06	   1.396252e-06
749	   1.977602e-06	   1.400848e-06	   1.398624e-06
750	   1.977602e-06	   1.400848e-06	   1.401009e-06
751	   1.977602e-06	   1.400848e-06	   1.397802e-06
752	   1.987602e-06	   1.400848e-06	   1.404276e-06
753	   1.987602e-06	   1.400848e-06	   1.406669e-06
754	   1.987602e-06	   1.400848e-06	   1.404029e-06
755	   1.987602e-06	   1.400848e-06	   1.401616e-06
756	   1.997602e-06	   1.400848e-06	   1.408106e-06
757	   1.997602e-06	   1.400848e-06	   1.410457e-06
758	   1.997602e-06	   1.400848e-06	   1.407931e-06
759	   1.997602e-06	   1.400848e-06	   1.410247e-06
760	   1.997602e-06	   1.400848e-06	   1.407404e-06
761	   1.997602e-06	   1.400848e-06	   1.409757e-06
762	   1.997602e-06	   1.400848e-06	   1.412122e-06
763	   2.007602e-06	   1.400848e-06	   1.413816e-06
764	   2.007602e-06	   1.400848e-06	   1.416175e-06
765	   2.017602e-06	   1.400848e-06	   1.423280e-06
766	   2.017602e-06	   1.400848e-06	   1.425021e-06
767	   2.027602e-06	   1.400848e-06	   1.432429e-06
768	   2.027602e-06	   1.400848e-06	   1.424206e-06
769	   2.027602e-06	   1.400848e-06	   1.426564e-06
770	   2.027602e-06	   1.400848e-06	   1.428405e-06
771	   2.027602e-06	   1.400848e-06	   1.425895e-06
772	   2.027602e-06	   1.400848e-06	   1.423609e-06
773	   2.027602e-06	   1.400848e-06	   1.425827e-06
774	   2.027602e-06	   1.400848e-06	   1.432699e-06
775	   2.027602e-06	   1.400848e-06	   1.429711e-06
776	   2.027602e-06	   1.400848e-06	   1.431972e-06
777	   2.027602e-06	   1.400848e-06	   1.429368e-06
778	   2.027602e-06	   1.400848e-06	   1.427052e-06
779	   2.037602e-06	   1.400848e-06	   1.433577e-06
780	   2.037602e-06	   1.400848e-06	   1.431203e-06
781	   2.037602e-06	   1.400848e-06	   1.437856e-06
782	   2.047602e-06	   1.400848e-06	   1.435476e-06
783	   2.047602e-06	   1.400848e-06	   1.437780e-06
784	   2.047602e-06	   1.400848e-06	   1.440097e-06
785	   2.047602e-06	   1.400848e-06	   1.437504e-06
786	   2.027602e-06	   1.400848e-06	   1.439920e-06
787	   2.037602e-06	   1.400848e-06	   1.442347e-06
788	   2.037602e-06	   1.400848e-06	   1.444690e-06
789	   2.037602e-06	   1.400848e-06	   1.442492e-06
790	   2.037602e-06	   1.400848e-06	   1.444068e-06
791	   2.037602e-06	   1.400848e-06	   1.446392e-06
792	   2.037602e-06	   1.400848e-06	   1.439470e-06
793	   2.037602e-06	   1.400848e-06	   1.441380e-06
794	   2.037602e-06	   1.400848e-06	   1.439259e-06
795	   2.047602e-06	   1.400848e-06	   1.441166e-06
796	   2.047602e-06	   1.400848e-06	   1.443299e-06
797	   2.047602e-06	   1.400848e-06	   1.449857e-06
798	   2.047602e-06	   1.400848e-06	   1.452051e-06
799	   2.047602e-06	   1.400848e-06	   1.454258e-06
800	   2.057602e-06	   1.400848e-06	   1.456504e-06
801	   2.057602e-06	   1.400848e-06	   1.458527e-06
802	   2.057602e-06	   1.400848e-06	   1.460569e-06
803	   2.057602e-06	   1.400848e-06	   1.462796e-06
804	   2.067602e-06	   1.400848e-06	   1.469714e-06
805	   2.067602e-06	   1.400848e-06	   1.462755e-06
806	   2.067602e-06	   1.400848e-06	   1.464996e-06
807	   2.067602e-06	   1.400848e-06	   1.471555e-06
808	   2.067602e-06	   1.400848e-06	   1.469139e-06
809	   2.067602e-06	   1.400848e-06	   1.471353e-06
810	   2.047602e-06	   1.400848e-06	   1.473637e-06
811	   2.047602e-06	   1.400848e-06	   1.475877e-06
812	   2.057602e-06	   1.400848e-06	   1.473495e-06
813	   2.057602e-06	   1.400848e-06	   1.475700e-06
814	   2.057602e-06	   1.400848e-06	   1.477954e-06
815	   2.057602e-06	   1.400848e-06	   1.475567e-06
816	   2.057602e-06	   1.400848e-06	   1.477788e-06
817	   2.057602e-06	   1.400848e-06	   1.484353e-06
818	   2.057602e-06	   1.400848e-06	   1.486487e-06
819	   2.057602e-06	   1.400848e-06	   1.484147e-06
820	   2.057602e-06	   1.400848e-06	   1.486353e-06
821	   2.057602e-06	   1.400848e-06	   1.479783e-06
822	   2.057602e-06	   1.400848e-06	   1.477856e-06
823	   2.057602e-06	   1.400848e-06	   1.484319e-06
824	   2.057602e-06	   1.400848e-06	   1.482567e-06
825	   2.067602e-06	   1.400848e-06	   1.484043e-06
826	   2.057602e-06	   1.400848e-06	   1.486126e-06
827	   2.067602e-06	   1.400848e-06	   1.483951e-06
828	   2.067602e-06	   1.400848e-06	   1.481692e-06
829	   2.067602e-06	   1.400848e-06	   1.483952e-06
830	   2.077602e-06	   1.400848e-06	   1.486722e-06
831	   2.077602e-06	   1.400848e-06	   1.488398e-06
832	   2.077602e-06	   1.400848e-06	   1.485912e-06
833	   2.057602e-06	   1.400848e-06	   1.483865e-06
834	   2.057602e-06	   1.400848e-06	   1.486105e-06
835	   2.057602e-06	   1.400848e-06	   1.488357e-06
836	   2.057602e-06	   1.400848e-06	   1.490623e-06
837	   2.057602e-06	   1.400848e-06	   1.488225e-06
838	   2.057602e-06	   1.400848e-06	   1.494888e-06
839	   2.057602e-06	   1.400848e-06	   1.488125e-06
840	   2.067602e-06	   1.400848e-06	   1.490248e-06
841	   2.067602e-06	   1.400848e-06	   1.492255e-06
842	   2.067602e-06	   1.400848e-06	   1.498799e-06
843	   2.067602e-06	   1.400848e-06	   1.496682e-06
844	   2.067602e-06	   1.400848e-06	   1.503239e-06
845	   2.077602e-06	   1.400848e-06	   1.505324e-06
846	   2.087602e-06	   1.400848e-06	   1.494358e-06
847	   2.087602e-06	   1.400848e-06	   1.496564e-06
848	   2.087602e-06	   1.400848e-06	   1.498783e-06
849	   2.087602e-06	   1.400848e-06	   1.492107e-06
850	   2.087602e-06	   1.400848e-06	   1.489988e-06
851	   2.087602e-06	   1.400848e-06	   1.488060e-06
852	   2.097602e-06	   1.400848e-06	   1.490049e-06
853	   2.097602e-06	   1.400848e-06	   1.496618e-06
854	   2.097602e-06	   1.400848e-06	   1.498602e-06
855	   2.097602e-06	   1.400848e-06	   1.500768e-06
856	   2.077602e-06	   1.400848e-06	   1.502992e-06
857	   2.067602e-06	   1.400848e-06	   1.496645e-06
858	   2.067602e-06	   1.400848e-06	   1.498829e-06
859	   2.067602e-06	   1.400848e-06	   1.496714e-06
860	   2.067602e-06	   1.400848e-06	   1.490573e-06
861	   2.077602e-06	   1.400848e-06	   1.492171e-06
862	   2.057602e-06	   1.400848e-06	   1.494842e-06
863	   2.067602e-06	   1.400848e-06	   1.492479e-06
864	   2.067602e-06	   1.400848e-06	   1.490174e-06
865	   2.077602e-06	   1.400848e-06	   1.488036e-06
866	   2.077602e-06	   1.400848e-06	   1.490200e-06
867	   2.087602e-06	   1.400848e-06	   1.496923e-06
868	   2.067602e-06	   1.400848e-06	   1.494972e-06
869	   2.047602e-06	   1.400848e-06	   1.493264e-06
870	   2.047602e-06	   1.400848e-06	   1.499862e-06
871	   2.047602e-06	   1.400848e-06	   1.497750e-06
872	   2.047602e-06	   1.400848e-06	   1.491528e-06
873	   2.057602e-06	   1.400848e-06	   1.488748e-06
874	   2.057602e-06	   1.400848e-06	   1.486640e-06
875	   2.067602e-06	   1.400848e-06	   1.488813e-06
876	   2.067602e-06	   1.400848e-06	   1.486759e-06
877	   2.067602e-06	   1.400848e-06	   1.484800e-06
878	   2.067602e-06	   1.400848e-06	   1.491301e-06
879	   2.067602e-06	   1.400848e-06	   1.493136e-06
880	   2.067602e-06	   1.400848e-06	   1.495357e-06
881	   2.067602e-06	   1.400848e-06	   1.497420e-06
882	   2.067602e-06	   1.400848e-06	   1.499601e-06
883	   2.067602e-06	   1.400848e-06	   1.497559e-06
884	   2.077602e-06	   1.400848e-06	   1.495285e-06
885	   2.077602e-06	   1.400848e-06	   1.497487e-06
886	   2.087602e-06	   1.400848e-06	   1.500060e-06
887	   2.087602e-06	   1.400848e-06	   1.497548e-06
888	   2.087602e-06	   1.400848e-06	   1.495248e-06
889	   2.097602e-06	   1.400848e-06	   1.497893e-06
890	   2.077602e-06	   1.400848e-06	   1.487082e-06
891	   2.087602e-06	   1.400848e-06	   1.493814e-06
892	   2.067602e-06	   1.400848e-06	   1.483379e-06
893	   2.067602e-06	   1.400848e-06	   1.485649e-06
894	   2.077602e-06	   1.400848e-06	   1.483866e-06
895	   2.057602e-06	   1.400848e-06	   1.482318e-06
896	   2.057602e-06	   1.400848e-06	   1.480181e-06
897	   2.057602e-06	   1.400848e-06	   1.486782e-06
898	   2.057602e-06	   1.400848e-06	   1.484534e-06
899	   2.067602e-06	   1.400848e-06	   1.482296e-06
900	   2.067602e-06	   1.400848e-06	   1.484291e-06
901	   2.077602e-06	   1.400848e-06	   1.482116e-06
902	   2.077602e-06	   1.400848e-06	   1.488658e-06
903	   2.077602e-06	   1.400848e-06	   1.490834e-06
904	   2.077602e-06	   1.400848e-06	   1.484812e-06
905	   2.077602e-06	   1.400848e-06	   1.487983e-06
906	   2.077602e-06	   1.400848e-06	   1.480985e-06
907	   2.067602e-06	   1.400848e-06	   1.483945e-06
908	   2.067602e-06	   1.400848e-06	   1.490610e-06
909	   2.067602e-06	   1.400848e-06	   1.488255e-06
910	   2.067602e-06	   1.400848e-06	   1.481564e-06
911	   2.067602e-06	   1.400848e-06	   1.483784e-06
912	   2.067602e-06	   1.400848e-06	   1.485777e-06
913	   2.077602e-06	   1.400848e-06	   1.488015e-06
914	   2.077602e-06	   1.400848e-06	   1.494527e-06
915	   2.077602e-06	   1.400848e-06	   1.492208e-06
916	   2.077602e-06	   1.400848e-06	   1.494356e-06
917	   2.087602e-06	   1.400848e-06	   1.496548e-06
918	   2.087602e-06	   1.400848e-06	   1.498728e-06
919	   2.067602e-06	   1.400848e-06	   1.501555e-06
920	   2.067602e-06	   1.400848e-06	   1.499332e-06
921	   2.067602e-06	   1.400848e-06	   1.493728e-06
922	   2.077602e-06	   1.400848e-06	   1.495669e-06
923	   2.077602e-06	   1.400848e-06	   1.493324e-06
924	   2.077602e-06	   1.400848e-06	   1.495508e-06
925	   2.077602e-06	   1.400848e-06	   1.493326e-06
926	   2.077602e-06	   1.400848e-06	   1.495510e-06
927	   2.077602e-06	   1.400848e-06	   1.497674e-06
928	   2.087602e-06	   1.400848e-06	   1.500686e-06
929	   2.087602e-06	   1.400848e-06	   1.498345e-06
930	   2.097602e-06	   1.400848e-06	   1.500880e-06
931	   2.097602e-06	   1.400848e-06	   1.498744e-06
932	   2.107602e-06	   1.400848e-06	   1.497721e-06
933	   2.087602e-06	   1.400848e-06	   1.487888e-06
934	   2.087602e-06	   1.400848e-06	   1.485548e-06
935	   2.097602e-06	   1.400848e-06	   1.488289e-06
936	   2.097602e-06	   1.400848e-06	   1.485744e-06
937	   2.077602e-06	   1.400848e-06	   1.483987e-06
938	   2.077602e-06	   1.400848e-06	   1.481809e-06
939	   2.057602e-06	   1.400848e-06	   1.484903e-06
940	   2.067602e-06	   1.400848e-06	   1.487124e-06
941	   2.067602e-06	   1.400848e-06	   1.481542e-06
942	   2.077602e-06	   1.400848e-06	   1.483970e-06
943	   2.077602e-06	   1.400848e-06	   1.481366e-06
944	   2.077602e-06	   1.400848e-06	   1.483567e-06
945	   2.077602e-06	   1.400848e-06	   1.490075e-06
946	   2.077602e-06	   1.400848e-06	   1.492295e-06
947	   2.087602e-06	   1.400848e-06	   1.494550e-06
948	   2.067602e-06	   1.400848e-06	   1.488735e-06
949	   2.067602e-06	   1.400848e-06	   1.491070e-06
950	   2.067602e-06	   1.400848e-06	   1.492953e-06
951	   2.067602e-06	   1.400848e-06	   1.490706e-06
952	   2.047602e-06	   1.400848e-06	   1.489882e-06
953	   2.057602e-06	   1.400848e-06	   1.488571e-06
954	   2.057602e-06	   1.400848e-06	   1.490688e-06
955	   2.057602e-06	   1.400848e-06	   1.488404e-06
956	   2.057602e-06	   1.400848e-06	   1.494870e-06
957	   2.057602e-06	   1.400848e-06	   1.497066e-06
958	   2.057602e-06	   1.400848e-06	   1.490661e-06
959	   2.067602e-06	   1.400848e-06	   1.496892e-06
960	   2.067602e-06	   1.400848e-06	   1.503353e-06
961	   2.077602e-06	   1.400848e-06	   1.505456e-06
962	   2.077602e-06	   1.400848e-06	   1.507652e-06
963	   2.087602e-06	   1.400848e-06	   1.505583e-06
964	   2.087602e-06	   1.400848e-06	   1.507779e-06
965	   2.067602e-06	   1.400848e-06	   1.497812e-06
966	   2.067602e-06	   1.400848e-06	   1.495686e-06
967	   2.077602e-06	   1.400848e-06	   1.494480e-06
968	   2.057602e-06	   1.400848e-06	   1.493555e-06
969	   2.057602e-06	   1.400848e-06	   1.500079e-06
970	   2.057602e-06	   1.400848e-06	   1.502245e-06
971	   2.037602e-06	   1.400848e-06	   1.501774e-06
972	   2.037602e-06	   1.400848e-06	   1.499459e-06
973	   2.047602e-06	   1.400848e-06	   1.497283e-06
974	   2.047602e-06	   1.400848e-06	   1.499524e-06
975	   2.047602e-06	   1.400848e-06	   1.501340e-06
976	   2.047602e-06	   1.400848e-06	   1.507778e-06
977	   2.057602e-06	   1.400848e-06	   1.505378e-06
978	   2.057602e-06	   1.400848e-06	   1.499080e-06
979	   2.057602e-06	   1.400848e-06	   1.493613e-06
980	   2.057602e-06	   1.400848e-06	   1.499985e-06
981	   2.067602e-06	   1.400848e-06	   1.501897e-06
982	   2.067602e-06	   1.400848e-06	   1.508365e-06
983	   2.067602e-06	   1.400848e-06	   1.506277e-06
984	   2.067602e-06	   1.400848e-06	   1.508470e-06
985	   2.067602e-06	   1.400848e-06	   1.510677e-06
986	   2.067602e-06	   1.400848e-06	   1.508538e-06
987	   2.067602e-06	   1.400848e-06	   1.503072e-06
988	   2.077602e-06	   1.400848e-06	   1.505096e-06
989	   2.067602e-06	   1.400848e-06	   1.504550e-06
990	   2.067602e-06	   1.400848e-06	   1.507840e-06
991	   2.067602e-06	   1.400848e-06	   1.505884e-06
992	   2.067602e-06	   1.400848e-06	   1.508144e-06
993	   2.067602e-06	   1.400848e-06	   1.505621e-06
994	   2.057602e-06	   1.400848e-06	   1.504688e-06
995	   2.057602e-06	   1.400848e-06	   1.506900e-06
996	   2.057602e-06	   1.400848e-06	   1.509124e-06
997	   2.057602e-06	   1.400848e-06	   1.512749e-06
998	   2.057602e-06	   1.400848e-06	   1.510350e-06
999	   2.057602e-06	   1.400848e-06	   1.512515e-06
