0	   1.409058e-06	   1.381975e-06	   2.090224e-07
1	   1.409058e-06	   1.381975e-06	   2.086265e-07
2	   1.409058e-06	   1.381975e-06	   2.083493e-07
3	   1.409058e-06	   1.381975e-06	   2.081911e-07
4	   1.409058e-06	   1.381975e-06	   2.081524e-07
5	   1.409058e-06	   1.381975e-06	   2.082332e-07
6	   1.409058e-06	   1.381975e-06	   2.084333e-07
7	   1.409058e-06	   1.381975e-06	   2.087524e-07
8	   1.409058e-06	   1.381975e-06	   2.091899e-07
9	   1.409058e-06	   1.381975e-06	   2.097452e-07
10	   1.409058e-06	   1.381975e-06	   2.104172e-07
11	   1.409058e-06	   1.381975e-06	   2.112049e-07
12	   1.409058e-06	   1.381975e-06	   2.121070e-07
13	   1.409058e-06	   1.381975e-06	   2.131220e-07
14	   1.409058e-06	   1.381975e-06	   2.142483e-07
15	   1.409058e-06	   1.381975e-06	   2.154841e-07
16	   1.409058e-06	   1.381975e-06	   2.168277e-07
17	   1.409058e-06	   1.381975e-06	   2.182770e-07
18	   1.409058e-06	   1.381975e-06	   2.198298e-07
19	   1.409058e-06	   1.381975e-06	   2.214842e-07
20	   1.409058e-06	   1.381975e-06	   2.232377e-07
21	   1.409058e-06	   1.381975e-06	   2.250880e-07
22	   1.409058e-06	   1.381975e-06	   2.270329e-07
23	   1.409058e-06	   1.381975e-06	   2.290699e-07
24	   1.409058e-06	   1.381975e-06	   2.311965e-07
25	   1.409058e-06	   1.381975e-06	   2.334103e-07
26	   1.409058e-06	   1.381975e-06	   2.357089e-07
27	   1.409058e-06	   1.381975e-06	   2.380897e-07
28	   1.409058e-06	   1.381975e-06	   2.405504e-07
29	   1.409058e-06	   1.381975e-06	   2.430885e-07
30	   1.409058e-06	   1.381975e-06	   2.457017e-07
31	   1.409058e-06	   1.381975e-06	   2.483875e-07
32	   1.409058e-06	   1.381975e-06	   2.511436e-07
33	   1.409058e-06	   1.381975e-06	   2.539678e-07
34	   1.409058e-06	   1.381975e-06	   2.568578e-07
35	   1.409058e-06	   1.381975e-06	   2.598114e-07
36	   1.409058e-06	   1.381975e-06	   2.628264e-07
37	   1.409058e-06	   1.381975e-06	   2.659008e-07
38	   1.409058e-06	   1.381975e-06	   2.690325e-07
39	   1.409058e-06	   1.381975e-06	   2.722195e-07
40	   1.409058e-06	   1.381975e-06	   2.754600e-07
41	   1.409058e-06	   1.381975e-06	   2.787520e-07
42	   1.409058e-06	   1.381975e-06	   2.820939e-07
43	   1.409058e-06	   1.381975e-06	   2.854837e-07
44	   1.409058e-06	   1.381975e-06	   2.889198e-07
45	   1.409058e-06	   1.381975e-06	   2.924006e-07
46	   1.409058e-06	   1.381975e-06	   2.959246e-07
47	   1.409058e-06	   1.381975e-06	   2.994901e-07
48	   1.409058e-06	   1.381975e-06	   3.030958e-07
49	   1.409058e-06	   1.381975e-06	   3.067401e-07
50	   1.409058e-06	   1.381975e-06	   3.104218e-07
51	   1.409058e-06	   1.381975e-06	   3.141396e-07
52	   1.409058e-06	   1.381975e-06	   3.178921e-07
53	   1.409058e-06	   1.381975e-06	   3.216781e-07
54	   1.409058e-06	   1.381975e-06	   3.254966e-07
55	   1.409058e-06	   1.381975e-06	   3.293463e-07
56	   1.409058e-06	   1.381975e-06	   3.332261e-07
57	   1.409058e-06	   1.381975e-06	   3.371351e-07
58	   1.409058e-06	   1.381975e-06	   3.410722e-07
59	   1.409058e-06	   1.381975e-06	   3.450365e-07
60	   1.409058e-06	   1.381975e-06	   3.490270e-07
61	   1.409058e-06	   1.381975e-06	   3.530429e-07
62	   1.409058e-06	   1.381975e-06	   3.570832e-07
63	   1.409058e-06	   1.381975e-06	   3.611472e-07
64	   1.409058e-06	   1.381975e-06	   3.652342e-07
65	   1.409058e-06	   1.381975e-06	   3.693432e-07
66	   1.409058e-06	   1.381975e-06	   3.734736e-07
67	   1.409058e-06	   1.381975e-06	   3.776247e-07
68	   1.409058e-06	   1.381975e-06	   3.817958e-07
69	   1.409058e-06	   1.381975e-06	   3.859863e-07
70	   1.409058e-06	   1.381975e-06	   3.901956e-07
71	   1.409058e-06	   1.381975e-06	   3.944230e-07
72	   1.409058e-06	   1.381975e-06	   3.986679e-07
73	   1.409058e-06	   1.381975e-06	   4.029298e-07
74	   1.409058e-06	   1.381975e-06	   4.072083e-07
75	   1.409058e-06	   1.381975e-06	   4.115027e-07
76	   1.409058e-06	   1.381975e-06	   4.158125e-07
77	   1.409058e-06	   1.381975e-06	   4.201374e-07
78	   1.409058e-06	   1.381975e-06	   4.244767e-07
79	   1.409058e-06	   1.381975e-06	   4.288302e-07
80	   1.409058e-06	   1.381975e-06	   4.331974e-07
81	   1.409058e-06	   1.381975e-06	   4.375778e-07
82	   1.409058e-06	   1.381975e-06	   4.419710e-07
83	   1.409058e-06	   1.381975e-06	   4.463768e-07
84	   1.409058e-06	   1.381975e-06	   4.507946e-07
85	   1.409058e-06	   1.381975e-06	   4.552242e-07
86	   1.409058e-06	   1.381975e-06	   4.596653e-07
87	   1.409058e-06	   1.381975e-06	   4.641174e-07
88	   1.409058e-06	   1.381975e-06	   4.685804e-07
89	   1.409058e-06	   1.381975e-06	   4.730538e-07
90	   1.409058e-06	   1.381975e-06	   4.775374e-07
91	   1.409058e-06	   1.381975e-06	   4.820308e-07
92	   1.409058e-06	   1.381975e-06	   4.865340e-07
93	   1.409058e-06	   1.381975e-06	   4.910464e-07
94	   1.409058e-06	   1.381975e-06	   4.955680e-07
95	   1.409058e-06	   1.381975e-06	   5.000984e-07
96	   1.409058e-06	   1.381975e-06	   5.046374e-07
97	   1.409058e-06	   1.381975e-06	   5.091849e-07
98	   1.409058e-06	   1.381975e-06	   5.137404e-07
99	   1.409058e-06	   1.381975e-06	   5.183040e-07
