0.828
1.242
1.863
1.656
2.691
1.035
1.656
1.242
1.449
1.242
2.691
1.656
1.449
1.449
1.242
1.242
1.242
2.484
0.828
1.242
1.242
0.828
1.035
1.242
2.07
1.656
1.242
1.242
1.656
1.242
1.449
1.035
1.449
1.863
2.484
1.449
1.863
1.656
1.449
1.656
0.828
1.863
1.242
1.035
1.449
1.242
1.242
0.828
0.828
1.035
1.656
0.828
1.242
1.035
1.656
1.035
1.449
2.07
3.105
1.449
1.449
2.07
3.726
2.07
1.242
2.691
2.07
1.863
1.656
3.312
1.863
1.863
1.863
1.449
1.863
1.449
0.828
1.242
1.242
1.242
1.035
2.07
1.863
1.863
1.242
1.449
1.035
1.242
1.449
1.035
1.449
1.863
1.863
1.863
1.035
1.242
1.035
0.621
1.863
1.035
1.242
1.035
1.449
2.277
1.656
1.863
1.242
1.863
2.07
1.449
1.035
1.035
0.828
1.035
1.656
1.863
1.449
2.484
1.035
1.242
1.449
1.035
0.828
1.656
1.656
1.035
2.07
1.656
1.035
1.242
0.828
1.035
0.621
1.035
0.828
2.277
1.035
1.449
1.656
1.863
1.656
1.656
1.035
0.828
0.828
1.656
3.105
2.07
1.035
1.449
1.035
2.07
1.449
1.242
0.828
1.035
1.035
1.035
1.035
0.621
1.242
0.828
0.414
0.621
0.828
0.414
0.414
0.828
1.242
0.414
0.414
0.828
1.242
0.828
0.828
1.035
1.656
0.828
1.656
1.449
1.242
1.242
1.242
2.277
1.449
0.828
1.449
1.449
2.07
2.07
1.863
1.863
1.035
1.449
1.449
1.656
0.621
0.828
1.656
1.656
1.656
1.242
1.242
1.035
1.656
0.828
0.621
0.621
0.828
1.035
1.449
0.621
1.242
0.828
1.242
1.656
1.449
1.242
0.828
1.863
1.035
1.656
0.828
1.242
1.656
3.105
1.656
1.449
2.277
1.449
1.656
1.449
1.242
1.449
1.449
1.863
2.484
1.242
1.242
1.656
1.449
1.242
1.242
1.449
2.484
1.656
2.277
1.449
0.828
0.621
1.242
0.621
0.828
0.828
1.863
1.863
0.414
1.035
1.242
0.621
1.035
0.621
1.449
1.035
1.035
0.828
1.242
1.449
0.621
1.449
1.035
1.449
1.449
1.656
1.242
0.828
1.242
1.242
1.035
1.863
1.863
1.035
0.621
0.828
1.863
1.242
0.828
0.828
1.656
2.484
1.449
1.242
1.242
1.449
0.828
1.242
1.449
1.863
1.656
1.449
1.449
1.863
1.242
0.828
1.242
2.484
1.863
1.242
1.863
1.242
0.828
1.242
2.484
1.863
1.242
1.656
1.242
1.449
1.656
1.449
1.863
1.656
1.863
1.035
2.07
1.656
1.035
1.035
1.656
1.656
1.035
1.035
1.449
0.828
1.656
1.863
2.898
1.449
1.29
1.548
1.806
1.161
0.645
1.548
2.58
1.548
2.58
1.032
1.419
1.032
0.774
1.419
0.903
0.903
0.774
1.161
1.161
1.419
1.161
0.774
0.774
0.516
0.645
0.387
0.387
0.774
0.645
0.645
0.645
1.677
1.677
1.548
2.064
0.903
0.903
1.032
0.645
1.032
0.903
0.645
2.322
1.548
1.032
1.677
0.387
0.645
0.774
1.161
0.645
1.806
1.677
1.677
1.419
1.032
1.161
1.032
0.774
1.161
1.161
1.161
1.419
0.903
0.903
1.032
0.516
